42
-418.137 -17.2249 -163.518 0.0342372 0.756798 -0.0397685 0.651539 1
-454.234 -13.378 -158.092 0.0342372 0.756798 -0.0397685 0.651539 1
-494.494 -9.08735 -152.04 0.0342372 0.756798 -0.0397685 0.651539 1
-536.812 -4.57745 -145.679 0.0342372 0.756798 -0.0397685 0.651539 1
-588.766 0.959365 -137.869 0.0342372 0.756798 -0.0397685 0.651539 1
-588.474 0.928187 -137.913 -0.0207173 0.657255 0.0180791 0.753167 1
-588.474 0.928268 -137.913 -0.0958532 0.517264 0.0584389 0.848431 1
-588.474 0.928268 -137.913 -0.212472 0.29737 0.0680606 0.928329 1
-627.642 -30.9406 -191.884 -0.210452 0.301178 0.067894 0.926945 1
-673.883 -58.881 -239.097 -0.183939 0.370343 0.0750722 0.907401 1
-733.908 -71.5567 -266.321 -0.0797321 0.539293 0.0513875 0.836759 1
-844.709 -66.5667 -268.071 0.0160337 0.701322 -0.0157824 0.712489 1
-1033.77 -58.0523 -271.058 0.0160337 0.701322 -0.0157824 0.712489 1
-1275.17 -47.1804 -274.872 0.0160337 0.701322 -0.0157824 0.712489 1
-1275.17 -47.1804 -274.872 0.0361051 0.962605 -0.162761 0.213533 1
-1275.17 -47.1804 -274.872 -0.0289337 0.965109 -0.121271 -0.230263 1
-1275.17 -47.1804 -274.872 -0.00519872 0.854196 -0.00854222 -0.519856 1
-1275.17 -47.1804 -274.872 0.107402 0.577218 0.0769321 -0.805832 1
-1275.17 -47.1804 -274.872 0.24428 0.153485 0.0391911 -0.956678 1
-1275.17 -47.1804 -274.872 0.275696 -0.421103 -0.136052 -0.85332 1
-1318.38 -86.5381 -299.959 -0.236368 0.486193 0.138492 0.829799 2
-1333.72 -97.252 -308.968 -0.233565 0.478546 0.13373 0.835798 1
-1333.72 -97.252 -308.968 0.00439966 0.475026 -0.00237506 0.879958 1
-1362.83 -97.0356 -328.075 0.00275616 0.47505 -0.00143505 0.879653 1
-1362.83 -97.0356 -328.075 -0.00638151 0.859795 0.0107482 0.510486 1
-1362.83 -97.0356 -328.075 -0.00740819 0.990198 0.126939 0.0577882 1
-1362.83 -97.0356 -328.075 0.0545361 0.899548 0.117605 -0.417142 1
-1397.23 -85.0459 -357.192 0.0545361 0.899548 0.117605 -0.417142 1
-1445.52 -68.2176 -398.06 0.0545361 0.899548 0.117605 -0.417142 1
-1511.94 -45.0699 -454.275 0.0545361 0.899548 0.117605 -0.417142 1
-1598.39 -14.9395 -527.447 0.0545361 0.899548 0.117605 -0.417142 1
-1710.18 24.0184 -622.056 0.0545361 0.899548 0.117605 -0.417142 1
-1710.18 24.0184 -622.056 0.0319435 0.927237 0.0813411 -0.364136 1
-1544.68 24.0176 -737.597 0.0156997 0.960371 0.0552824 -0.272737 1
-1335.41 24.0176 -827.648 0.010541 0.982657 0.0590304 -0.175471 1
-1053.82 24.0177 -886.031 0.000871633 0.99912 0.0274829 -0.0316875 1
-598.621 24.0177 -789.022 -0.00582059 0.976969 0.0268736 0.211603 1
-308.964 50.8362 -551.392 -0.0104389 0.908349 0.0227136 0.417465 1
-173.021 50.8362 -233.856 -0.0110821 0.773795 0.0135429 0.633194 1
-254.021 50.8362 239.628 -0.0384679 0.517892 0.023321 0.854263 1
-254.021 50.8362 239.628 -0.0955026 0.760506 0.114939 0.631901 1
-1264.49 -267.117 427.89 -0.0955026 0.760506 0.114939 0.631901 1
